Marketpay Payout Report
Market Place,Account Holder,Account,Record Type,Psp Reference,Payment Psp Reference,Payment Merchant Reference,Capture Psp Reference,Capture Merchant Reference,Payout Psp Reference,Chargeback Psp Reference,Booking Date,TimeZone,Currency,Amount,Rolling Balance
AffiniPayLLC,69sd0kUNjKxb0nmzjpZSUc-42OXkP5fUlfYJtq8CYPZSd,4216206140146933,Credited,2416251125307169,1539250508307253,69sd0kUNjKxb0nmzjpZSUc-42OXkP5fUlfYJtq8CYPZSd-6LyioJhaEXqxnc4ZgbthJd,1736251124754846,69sd0kUNjKxb0nmzjpZSUc-42OXkP5fUlfYJtq8CYPZSd-6LyioJhaEXqxnc4ZgbthJd-capture,,,2021-07-07 01:41:17,EDT,USD,420.84,420.84
AffiniPayLLC,69sd0kUNjKxb0nmzjpZSUc-42OXkP5fUlfYJtq8CYPZSd,4216206140146933,Credited,2416251125307409,1759250988582410,69sd0kUNjKxb0nmzjpZSUc-42OXkP5fUlfYJtq8CYPZSd-7kfpBcIFxDP4h5OsP2Nezs,1856251124766083,69sd0kUNjKxb0nmzjpZSUc-42OXkP5fUlfYJtq8CYPZSd-7kfpBcIFxDP4h5OsP2Nezs-capture,,,2021-07-07 01:41:17,EDT,USD,51.60,472.44
AffiniPayLLC,69sd0kUNjKxb0nmzjpZSUc-42OXkP5fUlfYJtq8CYPZSd,4216206140146933,Credited,2316251125320544,1826250508243195,69sd0kUNjKxb0nmzjpZSUc-42OXkP5fUlfYJtq8CYPZSd-6JO3nLJJmyvT6kK2KGHOZ4,1826251124755968,69sd0kUNjKxb0nmzjpZSUc-42OXkP5fUlfYJtq8CYPZSd-6JO3nLJJmyvT6kK2KGHOZ4-capture,,,2021-07-07 01:41:17,EDT,USD,300.00,772.44
AffiniPayLLC,69sd0kUNjKxb0nmzjpZSUc-42OXkP5fUlfYJtq8CYPZSd,4216206140146933,Credited,2316251125309117,1739250818319160,69sd0kUNjKxb0nmzjpZSUc-42OXkP5fUlfYJtq8CYPZSd-74IXJawV9GsahSl0kETMK9,1636251124768680,69sd0kUNjKxb0nmzjpZSUc-42OXkP5fUlfYJtq8CYPZSd-74IXJawV9GsahSl0kETMK9-capture,,,2021-07-07 01:41:17,EDT,USD,388.89,1161.33
AffiniPayLLC,69sd0kUNjKxb0nmzjpZSUc-42OXkP5fUlfYJtq8CYPZSd,4216206140146933,Credited,2316251125309364,1756250990271633,69sd0kUNjKxb0nmzjpZSUc-42OXkP5fUlfYJtq8CYPZSd-4f79qFNQRhCt7XC2IfeM5P,6159251124767548,69sd0kUNjKxb0nmzjpZSUc-42OXkP5fUlfYJtq8CYPZSd-4f79qFNQRhCt7XC2IfeM5P-capture,,,2021-07-07 01:41:17,EDT,USD,44.95,1206.28
AffiniPayLLC,69sd0kUNjKxb0nmzjpZSUc-42OXkP5fUlfYJtq8CYPZSd,4216206140146933,Credited,2316251125320551,6129250634226844,69sd0kUNjKxb0nmzjpZSUc-42OXkP5fUlfYJtq8CYPZSd-2ud3hYu0xJ65HHBuSd91e0,1826251124752569,69sd0kUNjKxb0nmzjpZSUc-42OXkP5fUlfYJtq8CYPZSd-2ud3hYu0xJ65HHBuSd91e0-capture,,,2021-07-07 01:41:17,EDT,USD,1000.00,2206.28
AffiniPayLLC,69sd0kUNjKxb0nmzjpZSUc-42OXkP5fUlfYJtq8CYPZSd,4216206140146933,Credited,2416251125307169,1539250508307253,69sd0kUNjKxb0nmzjpZSUc-42OXkP5fUlfYJtq8CYPZSd-3udopAkEDgRzw5ENiFsTma,1736251124754846,69sd0kUNjKxb0nmzjpZSUc-42OXkP5fUlfYJtq8CYPZSd-3udopAkEDgRzw5ENiFsTma-capture,,,2021-07-07 01:41:17,EDT,USD,420.00,2626.28
AffiniPayLLC,69sd0kUNjKxb0nmzjpZSUc-42OXkP5fUlfYJtq8CYPZSd,4216206140146933,Credited,2416251125307409,1759250988582410,69sd0kUNjKxb0nmzjpZSUc-42OXkP5fUlfYJtq8CYPZSd-76YzsSRbahzLgsgyABfWJn,1856251124766083,69sd0kUNjKxb0nmzjpZSUc-42OXkP5fUlfYJtq8CYPZSd-76YzsSRbahzLgsgyABfWJn-capture,,,2021-07-07 01:41:17,EDT,USD,51.00,2677.28
AffiniPayLLC,69sd0kUNjKxb0nmzjpZSUc-42OXkP5fUlfYJtq8CYPZSd,4216206140146933,Credited,2316251125320544,1826250508243195,69sd0kUNjKxb0nmzjpZSUc-42OXkP5fUlfYJtq8CYPZSd-1Qf1SFb6RmJIJEsl2i1uay,1826251124755968,69sd0kUNjKxb0nmzjpZSUc-42OXkP5fUlfYJtq8CYPZSd-1Qf1SFb6RmJIJEsl2i1uay-capture,,,2021-07-07 01:41:17,EDT,USD,300.00,2977.28
AffiniPayLLC,69sd0kUNjKxb0nmzjpZSUc-42OXkP5fUlfYJtq8CYPZSd,4216206140146933,Credited,2316251125309117,1739250818319160,69sd0kUNjKxb0nmzjpZSUc-42OXkP5fUlfYJtq8CYPZSd-6OwkXmbbaAySvNf61FH044,1636251124768680,69sd0kUNjKxb0nmzjpZSUc-42OXkP5fUlfYJtq8CYPZSd-6OwkXmbbaAySvNf61FH044-capture,,,2021-07-07 01:41:17,EDT,USD,88.00,3065.28
AffiniPayLLC,69sd0kUNjKxb0nmzjpZSUc-42OXkP5fUlfYJtq8CYPZSd,4216206140146933,Credited,2316251125309364,1756250990271633,69sd0kUNjKxb0nmzjpZSUc-42OXkP5fUlfYJtq8CYPZSd-3yYugd9uxZrZD0Qyt8fBHA,6159251124767548,69sd0kUNjKxb0nmzjpZSUc-42OXkP5fUlfYJtq8CYPZSd-3yYugd9uxZrZD0Qyt8fBHA-capture,,,2021-07-07 01:41:17,EDT,USD,44.00,3109.28
AffiniPayLLC,69sd0kUNjKxb0nmzjpZSUc-42OXkP5fUlfYJtq8CYPZSd,4216206140146933,Credited,2316251125320551,6129250634226844,69sd0kUNjKxb0nmzjpZSUc-42OXkP5fUlfYJtq8CYPZSd-0BHg55E8s0F70OS8dYFSGl,1826251124752569,69sd0kUNjKxb0nmzjpZSUc-42OXkP5fUlfYJtq8CYPZSd-0BHg55E8s0F70OS8dYFSGl-capture,,,2021-07-07 01:41:17,EDT,USD,1000.00,4109.28
AffiniPayLLC,69sd0kUNjKxb0nmzjpZSUc-42OXkP5fUlfYJtq8CYPZSd,4216206140146933,Payout,5716252271657548,,,,,5716252271657548,,2021-07-07 07:57:36,EDT,USD,-4109.28,0.00
